# 1kOhm 08/12/2017 WITHOUT PREAMPS
# Lock-In: 5110 Sensitivity: 100mV Time Constant: MIN | | Keithley: 6221 Start current: 1.00E-3 A Stop current: 2.00E-3 A
# t, ms   6221, A      2000, V      5110_X, V      5110_Y, V    DAQ A0, V      DAQ A1, V    DAQ A2, V    DAQ A3, V     DAQ A4, V     
00000648   1.00E-3     0.998098     4.63000E-3    1.6600E-3    9.9762E-1    -3.0518E-4   -3.0518E-4     0.0000E+0     -0.000305 
00002059   1.02E-3     1.018083     3.85000E-3    1.7500E-3    1.0175E+0    -3.0518E-4    0.0000E+0    -3.0518E-4      0.000000 
00003000   1.04E-3     1.038097     3.81000E-3    1.4000E-4    1.0382E+0    -3.0518E-4    3.0518E-4     0.0000E+0     -0.000305 
00004000   1.06E-3     1.058052     3.73000E-3   -1.0000E-5    1.0599E+0    -3.0518E-4    0.0000E+0    -3.0518E-4     -0.000305 
00005000   1.08E-3     1.077999     3.75000E-3   -5.0000E-5    1.0779E+0    -3.0518E-4   -3.0518E-4    -3.0518E-4     -0.000305 
00006000   1.10E-3     1.097942     3.78000E-3   -2.0000E-5    1.0965E+0     3.0518E-4   -3.0518E-4    -3.0518E-4     -0.000305 
00007000   1.12E-3     1.117962     3.79000E-3   -9.0000E-5    1.1176E+0    -3.0518E-4    0.0000E+0    -3.0518E-4     -0.000610 
00008000   1.14E-3     1.137869     3.79000E-3    3.3500E-3    1.1380E+0     0.0000E+0    3.0518E-4     0.0000E+0      0.000000 
00009000   1.16E-3     1.157854     3.54000E-3   -1.0000E-4    1.1572E+0    -3.0518E-4    0.0000E+0    -3.0518E-4      0.000000 
00010000   1.18E-3     1.177759     3.43000E-3    2.0000E-5    1.1777E+0    -6.1035E-4    0.0000E+0    -3.0518E-4     -0.000610 
00011000   1.20E-3     1.197741     3.80000E-3    3.3600E-3    1.1975E+0    -3.0518E-4    0.0000E+0    -3.0518E-4     -0.000610 
00012000   1.22E-3     1.197746     3.95000E-3    3.3300E-3    1.2140E+0     0.0000E+0   -3.0518E-4    -3.0518E-4      0.000000 
00013000   1.24E-3     1.237704     3.41000E-3    1.5000E-4    1.2366E+0    -3.0518E-4   -3.0518E-4    -3.0518E-4     -0.000305 
00014000   1.26E-3     1.257645     3.06000E-3    1.6700E-3    1.2579E+0     3.0518E-4   -3.0518E-4     0.0000E+0      0.000000 
00015000   1.28E-3     1.277611     4.51000E-3    1.6700E-3    1.2753E+0     0.0000E+0    3.0518E-4     0.0000E+0      0.000305 
00016000   1.30E-3     1.297589     4.56000E-3    1.6600E-3    1.2970E+0     3.0518E-4    0.0000E+0    -3.0518E-4     -0.000305 
00017000   1.32E-3     1.317571     4.62000E-3    1.6300E-3    1.3168E+0     0.0000E+0   -3.0518E-4     0.0000E+0     -0.000305 
00018000   1.34E-3     1.337490     4.57000E-3    1.6400E-3    1.3376E+0    -3.0518E-4   -3.0518E-4    -3.0518E-4     -0.000305 
00019000   1.36E-3     1.357478     4.52000E-3    1.6600E-3    1.3541E+0    -3.0518E-4    3.0518E-4    -3.0518E-4     -0.000610 
00020000   1.38E-3     1.377382     4.51000E-3    1.6700E-3    1.3779E+0    -6.1035E-4   -3.0518E-4     3.0518E-4     -0.000305 
00021000   1.40E-3     1.397434     4.09000E-3    1.6200E-3    1.3965E+0     0.0000E+0   -3.0518E-4    -3.0518E-4     -0.000305 
00022000   1.42E-3     1.417378     3.71000E-3    1.8400E-3    1.4172E+0    -3.0518E-4   -3.0518E-4    -6.1035E-4     -0.000305 
00023000   1.44E-3     1.437326     3.74000E-3    1.3400E-3    1.4365E+0    -3.0518E-4   -3.0518E-4    -3.0518E-4      0.000305 
00024000   1.46E-3     1.457269     3.83000E-3    6.7000E-4    1.4569E+0    -3.0518E-4    0.0000E+0    -3.0518E-4     -0.000305 
00025000   1.48E-3     1.477284     3.82000E-3    3.5000E-4    1.4767E+0     0.0000E+0    0.0000E+0     0.0000E+0     -0.000305 
00026000   1.50E-3     1.497233     3.79000E-3    5.0000E-5    1.4963E+0     0.0000E+0   -6.1035E-4     0.0000E+0     -0.000305 
00027000   1.52E-3     1.517134     3.76000E-3   -3.0000E-5    1.5158E+0    -3.0518E-4   -3.0518E-4    -3.0518E-4     -0.000305 
00028000   1.54E-3     1.537122     3.82000E-3   -7.0000E-5    1.5359E+0     3.0518E-4   -3.0518E-4    -3.0518E-4     -0.000610 
00029000   1.56E-3     1.557070     3.80000E-3    3.3300E-3    1.5567E+0     0.0000E+0   -3.0518E-4     0.0000E+0      0.000000 
00030000   1.58E-3     1.577101     3.72000E-3   -7.0000E-5    1.5775E+0     0.0000E+0    0.0000E+0    -3.0518E-4     -0.000305 
00031000   1.60E-3     1.597003     3.33000E-3    3.7000E-4    1.5982E+0     0.0000E+0   -3.0518E-4     0.0000E+0     -0.000305 
00032000   1.62E-3     1.616991     3.16000E-3    1.1600E-3    1.6168E+0     0.0000E+0   -3.0518E-4    -3.0518E-4     -0.000305 
00033000   1.64E-3     1.636905     3.07000E-3    1.6100E-3    1.6364E+0     3.0518E-4   -3.0518E-4    -3.0518E-4     -0.000610 
00034000   1.66E-3     1.656963     4.53000E-3    1.6500E-3    1.6568E+0    -3.0518E-4    0.0000E+0    -3.0518E-4     -0.000305 
00035000   1.68E-3     1.676861     3.02000E-3    1.7200E-3    1.6763E+0    -3.0518E-4   -3.0518E-4    -3.0518E-4      0.000000 
00036000   1.70E-3     1.696845     3.07000E-3    1.6600E-3    1.6971E+0    -3.0518E-4   -3.0518E-4    -3.0518E-4     -0.000305 
00037000   1.72E-3     1.716800     3.04000E-3    1.6800E-3    1.7148E+0    -3.0518E-4    0.0000E+0    -3.0518E-4      0.000000 
00038000   1.74E-3     1.736728     3.02000E-3    1.6300E-3    1.7358E+0    -3.0518E-4    0.0000E+0     0.0000E+0     -0.000305 
00039000   1.76E-3     1.756752     3.04000E-3    1.6600E-3    1.7560E+0    -6.1035E-4    0.0000E+0     0.0000E+0     -0.000305 
00040000   1.78E-3     1.776695     3.07000E-3    1.6200E-3    1.7758E+0     3.0518E-4   -3.0518E-4     0.0000E+0     -0.000305 
00041000   1.80E-3     1.796645     4.24000E-3    1.6200E-3    1.7960E+0     0.0000E+0   -3.0518E-4     0.0000E+0     -0.000305 
00042000   1.82E-3     1.816592     3.64000E-3    1.5900E-3    1.8158E+0     0.0000E+0   -3.0518E-4    -6.1035E-4     -0.000305 
00043000   1.84E-3     1.836603     3.68000E-3    1.9200E-3    1.8356E+0    -3.0518E-4   -3.0518E-4    -6.1035E-4     -0.000610 
00044000   1.86E-3     1.856563     3.74000E-3    1.5900E-3    1.8555E+0     0.0000E+0   -3.0518E-4     0.0000E+0      0.000000 
00045000   1.88E-3     1.876507     3.81000E-3    7.3000E-4    1.8762E+0     0.0000E+0    0.0000E+0    -3.0518E-4     -0.000305 
00046000   1.90E-3     1.896450     3.77000E-3    3.1000E-3    1.8951E+0    -3.0518E-4   -3.0518E-4     0.0000E+0     -0.000305 
00047000   1.92E-3     1.916395     3.77000E-3    7.0000E-5    1.9159E+0    -3.0518E-4   -3.0518E-4     3.0518E-4      0.000000 
00048000   1.94E-3     1.936425     3.79000E-3    0.0000E+0    1.9366E+0    -6.1035E-4    0.0000E+0    -3.0518E-4      0.000000 
00049000   1.96E-3     1.956368     3.85000E-3    2.0000E-5    1.9574E+0    -3.0518E-4    3.0518E-4     0.0000E+0     -0.000305 
00050000   1.98E-3     1.976310     3.78000E-3    3.3500E-3    1.9754E+0    -3.0518E-4   -3.0518E-4    -3.0518E-4      0.000000 
00051000   2.00E-3     1.996248     3.83000E-3   -1.0000E-5    1.9949E+0    -3.0518E-4   -6.1035E-4     0.0000E+0     -0.000305 
