# 1kOhm 08/12/2017  PREAMPS EXPERIMENT
# Lock-In: 5110 Sensitivity: 100mV Time Constant: MIN | | Keithley: 6221 Start current: 1.00E-6 A Stop current: 2.00E-6 A
# t, ms   6221, A      2000, V      5110_X, V      5110_Y, V    DAQ A0, V      DAQ A1, V    DAQ A2, V    DAQ A3, V     DAQ A4, V     
00000648   1.00E-6     0.998236     3.35000E-3    9.1000E-4   -9.0332E-1    -3.0518E-4    0.0000E+0    -3.0518E-4     -0.000610 
00001857   1.02E-6     1.016245     3.24000E-3    1.8300E-3   -9.6069E-1     6.1035E-4    0.0000E+0    -3.0518E-4      0.000000 
00002216   1.04E-6     1.037809     3.95000E-3    2.6800E-3   -9.9365E-1    -3.0518E-4    0.0000E+0    -3.0518E-4      0.000000 
00003000   1.06E-6     1.048590     3.28000E-3    2.1600E-3   -1.0294E+0    -6.1035E-4   -3.0518E-4    -3.0518E-4      0.000000 
00004000   1.08E-6     1.076034     3.24000E-3    2.1800E-3   -1.0544E+0    -3.0518E-4   -3.0518E-4     0.0000E+0     -0.000305 
00005000   1.10E-6     1.095850     3.21000E-3    1.6600E-3   -1.0739E+0    -3.0518E-4   -3.0518E-4    -3.0518E-4     -0.000305 
00006000   1.12E-6     1.115176     3.19000E-3    2.0600E-3   -1.0947E+0     0.0000E+0   -3.0518E-4     0.0000E+0     -0.000305 
00007000   1.14E-6     1.136197     3.42000E-3    2.1100E-3   -1.1148E+0     0.0000E+0   -3.0518E-4     3.0518E-4      0.000000 
00008000   1.16E-6     1.155186     3.49000E-3    2.2300E-3   -1.1346E+0     0.0000E+0    0.0000E+0    -3.0518E-4      0.000000 
00009000   1.18E-6     1.175308     3.57000E-3    2.6300E-3   -1.1545E+0    -6.1035E-4    0.0000E+0     0.0000E+0      0.000000 
00010000   1.20E-6     1.196291     4.00000E-3    6.7000E-4   -1.1749E+0     0.0000E+0   -6.1035E-4     0.0000E+0     -0.000305 
00011000   1.22E-6     1.197205     3.77000E-3    4.2000E-4   -1.1942E+0     0.0000E+0   -3.0518E-4     0.0000E+0      0.000000 
00012000   1.24E-6     1.236288     3.62000E-3    8.4000E-4   -1.2149E+0    -3.0518E-4   -6.1035E-4     0.0000E+0      0.000000 
00013000   1.26E-6     1.243644     3.56000E-3    6.8000E-4   -1.2344E+0     0.0000E+0   -6.1035E-4    -3.0518E-4     -0.000305 
00014000   1.28E-6     1.275445     3.46000E-3    4.7000E-4   -1.2537E+0    -6.1035E-4    3.0518E-4     0.0000E+0      0.000000 
00015000   1.30E-6     1.295473     3.34000E-3    8.1000E-4   -1.2747E+0     0.0000E+0    0.0000E+0    -6.1035E-4     -0.000610 
00016000   1.32E-6     1.316456     3.27000E-3    1.0800E-3   -1.2946E+0     3.0518E-4    0.0000E+0    -3.0518E-4     -0.000305 
00017000   1.34E-6     1.335293     3.28000E-3    1.1600E-3   -1.3147E+0     0.0000E+0   -6.1035E-4     0.0000E+0     -0.000305 
00018000   1.36E-6     1.356196     3.17000E-3    1.3600E-3   -1.3339E+0     0.0000E+0   -3.0518E-4     3.0518E-4     -0.000305 
00019000   1.38E-6     1.375481     3.19000E-3    2.0100E-3   -1.3538E+0     0.0000E+0    3.0518E-4    -3.0518E-4     -0.000305 
00020000   1.40E-6     1.395838     4.01000E-3    2.1300E-3   -1.3727E+0    -6.1035E-4   -3.0518E-4    -3.0518E-4     -0.000610 
00021000   1.42E-6     1.414718     3.98000E-3    2.4900E-3   -1.3943E+0    -3.0518E-4   -3.0518E-4    -3.0518E-4     -0.000305 
00022000   1.44E-6     1.435626     3.75000E-3    2.7700E-3   -1.4139E+0     0.0000E+0    0.0000E+0    -3.0518E-4      0.000000 
00023000   1.46E-6     1.454992     3.62000E-3    2.4700E-3   -1.4349E+0    -3.0518E-4   -3.0518E-4    -3.0518E-4      0.000305 
00024000   1.48E-6     1.475668     3.55000E-3    2.5500E-3   -1.4542E+0     0.0000E+0   -6.1035E-4     0.0000E+0     -0.000305 
00025000   1.50E-6     1.495000     3.52000E-3    2.7600E-3   -1.4743E+0     0.0000E+0   -3.0518E-4    -3.0518E-4     -0.000305 
00026000   1.52E-6     1.515557     3.32000E-3    2.5200E-3   -1.4941E+0    -3.0518E-4    0.0000E+0     0.0000E+0      0.000000 
00027000   1.54E-6     1.534987     4.25000E-3    2.2000E-3   -1.5137E+0    -3.0518E-4   -3.0518E-4    -6.1035E-4     -0.000305 
00028000   1.56E-6     1.555247     4.23000E-3    2.1800E-3   -1.5338E+0    -3.0518E-4    0.0000E+0     0.0000E+0      0.000000 
00029000   1.58E-6     1.574216     4.28000E-3    1.8600E-3   -1.5533E+0    -3.0518E-4    0.0000E+0    -3.0518E-4      0.000000 
00030000   1.60E-6     1.582733     4.30000E-3    1.2500E-3   -1.5738E+0    -3.0518E-4   -3.0518E-4    -3.0518E-4     -0.000305 
00031000   1.62E-6     1.613834     4.12000E-3    1.1600E-3   -1.5933E+0     0.0000E+0   -3.0518E-4    -3.0518E-4     -0.000305 
00032000   1.64E-6     1.621248     4.03000E-3    9.6000E-4   -1.6135E+0    -3.0518E-4    0.0000E+0    -6.1035E-4      0.000000 
00033000   1.66E-6     1.654703     3.88000E-3    5.5000E-4   -1.6336E+0    -3.0518E-4    0.0000E+0    -3.0518E-4     -0.000305 
00034000   1.68E-6     1.668042     3.68000E-3    6.2000E-4   -1.6531E+0    -3.0518E-4   -6.1035E-4     0.0000E+0     -0.000305 
00035000   1.70E-6     1.694603     3.58000E-3    7.9000E-4   -1.6733E+0     0.0000E+0   -3.0518E-4    -3.0518E-4     -0.000305 
00036000   1.72E-6     1.702710     3.54000E-3    4.8000E-4   -1.6934E+0     0.0000E+0   -9.1553E-4    -3.0518E-4      0.000000 
00037000   1.74E-6     1.734313     3.38000E-3    2.7100E-3   -1.7136E+0     0.0000E+0    0.0000E+0    -3.0518E-4     -0.000610 
00038000   1.76E-6     1.744599     3.27000E-3    1.0700E-3   -1.7325E+0    -3.0518E-4   -3.0518E-4     0.0000E+0     -0.000305 
00039000   1.78E-6     1.773869     3.33000E-3    2.1700E-3   -1.7529E+0    -3.0518E-4    0.0000E+0    -3.0518E-4     -0.000305 
00040000   1.80E-6     1.779540     3.21000E-3    2.0300E-3   -1.7722E+0     0.0000E+0    0.0000E+0    -3.0518E-4     -0.000305 
00041000   1.82E-6     1.812543     3.21000E-3    1.3200E-3   -1.7935E+0    -3.0518E-4   -3.0518E-4    -3.0518E-4      0.000000 
00042000   1.84E-6     1.829009     3.33000E-3    1.2000E-3   -1.8130E+0     0.0000E+0    0.0000E+0     0.0000E+0      0.000000 
00043000   1.86E-6     1.852889     3.48000E-3    1.1600E-3   -1.8329E+0    -3.0518E-4    0.0000E+0     0.0000E+0     -0.000305 
00044000   1.88E-6     1.872276     3.54000E-3    8.1000E-4   -1.8527E+0    -3.0518E-4   -3.0518E-4    -3.0518E-4      0.000000 
00045000   1.90E-6     1.893485     3.71000E-3    5.6000E-4   -1.8732E+0     0.0000E+0    3.0518E-4     0.0000E+0      0.000000 
00046000   1.92E-6     1.911982     3.89000E-3    6.4000E-4   -1.8927E+0    -3.0518E-4    3.0518E-4    -3.0518E-4     -0.000610 
00047000   1.94E-6     1.931789     3.98000E-3    8.3000E-4   -1.9128E+0     3.0518E-4   -3.0518E-4     3.0518E-4     -0.000610 
00048000   1.96E-6     1.953195     3.98000E-3    5.5000E-4   -1.9327E+0    -3.0518E-4    0.0000E+0    -3.0518E-4     -0.000610 
00049000   1.98E-6     1.972151     4.15000E-3    4.9000E-4   -1.9528E+0    -3.0518E-4    0.0000E+0    -3.0518E-4      0.000000 
00050000   2.00E-6     1.993207     4.28000E-3    1.0700E-3   -1.9730E+0    -3.0518E-4   -3.0518E-4    -3.0518E-4      0.000000 
